0.0000 0.029369
47.230 0.76358
99.708 1.5125
152.19 2.1586
194.17 2.7460
241.40 3.2452
299.13 3.5830
346.36 3.8913
398.83 4.1410
446.06 4.3465
493.29 4.5815
551.02 4.7871
598.25 4.9780
650.73 5.1836
697.96 5.3744
750.44 5.5213
808.16 5.8150
855.39 5.9912
897.38 6.1968
944.61 6.3730
997.08 6.5492
1049.6 6.6960
1107.3 6.9163
1149.3 7.0778
1201.7 7.2981
1249.0 7.5477
1296.2 7.7386
1348.7 8.0029
1401.2 8.2819
1448.4 8.5756
1500.9 8.8546
1553.4 9.1924
1611.1 9.4714
1653.1 9.6623
1700.3 9.9413
1752.8 10.426
