11.212 4.1810
109.45 4.0288
208.70 3.9929
307.99 3.9621
402.06 3.9330
501.35 3.9022
605.95 3.8782
710.51 3.8508
809.85 3.8251
909.25 3.8062
1003.4 3.7857
1113.2 3.7634
1207.4 3.7480
1306.8 3.7257
1406.2 3.7103
1505.7 3.6966
1610.3 3.6811
1704.5 3.6657
1804.0 3.6520
1908.7 3.6400
2002.9 3.6297
2102.4 3.6194
2207.1 3.6090
2301.3 3.6005
2406.1 3.5936
2505.6 3.5833
2605.0 3.5730
2709.7 3.5609
2798.7 3.5489
2903.4 3.5386
3002.8 3.5215
3102.2 3.4992
3201.5 3.4718
3300.8 3.4342
3399.9 3.3811
3498.5 3.2751
3596.0 3.0426
