0.4300 4.3000
0.4366 4.2799
0.4379 4.2765
0.4392 4.2738
0.4404 4.2711
0.4417 4.2686
0.4430 4.2662
0.4442 4.2637
0.4455 4.2612
0.4468 4.2587
0.4480 4.2562
0.4493 4.2538
0.4506 4.2513
0.4518 4.2490
0.4531 4.2465
0.4544 4.2442
0.4556 4.2417
0.4569 4.2393
0.4582 4.2370
0.4594 4.2347
0.4607 4.2322
0.4620 4.2297
0.4632 4.2272
0.4645 4.2251
0.4658 4.2227
0.4670 4.2204
0.4683 4.2179
0.4696 4.2156
0.4708 4.2133
0.4721 4.2110
0.4734 4.2085
0.4746 4.2062
0.4759 4.2040
0.4772 4.2017
0.4784 4.1994
0.4797 4.1971
0.4810 4.1948
0.4822 4.1925
0.4835 4.1902
0.4848 4.1879
0.4860 4.1858
0.4873 4.1835
0.4886 4.1811
0.4898 4.1790
0.4911 4.1769
0.4924 4.1746
0.4936 4.1723
0.4949 4.1700
0.4962 4.1679
0.4974 4.1658
0.4987 4.1637
0.5000 4.1616
0.5012 4.1593
0.5025 4.1574
0.5038 4.1553
0.5050 4.1532
0.5063 4.1511
0.5076 4.1490
0.5088 4.1469
0.5101 4.1448
0.5114 4.1425
0.5126 4.1404
0.5139 4.1383
0.5152 4.1362
0.5164 4.1341
0.5177 4.1318
0.5190 4.1297
0.5202 4.1276
0.5215 4.1255
0.5228 4.1232
0.5240 4.1211
0.5253 4.1192
0.5266 4.1169
0.5278 4.1150
0.5291 4.1127
0.5304 4.1106
0.5316 4.1087
0.5329 4.1068
0.5341 4.1047
0.5354 4.1026
0.5367 4.1009
0.5379 4.0986
0.5392 4.0967
0.5405 4.0950
0.5417 4.0929
0.5430 4.0910
0.5443 4.0891
0.5455 4.0874
0.5468 4.0854
0.5481 4.0835
0.5493 4.0818
0.5506 4.0799
0.5519 4.0782
0.5531 4.0765
0.5544 4.0746
0.5557 4.0728
0.5569 4.0711
0.5582 4.0694
0.5595 4.0677
0.5607 4.0660
0.5620 4.0645
0.5633 4.0627
0.5645 4.0612
0.5658 4.0593
0.5671 4.0578
0.5683 4.0561
0.5696 4.0545
0.5709 4.0528
0.5721 4.0513
0.5734 4.0496
0.5747 4.0480
0.5759 4.0463
0.5772 4.0448
0.5785 4.0433
0.5797 4.0416
0.5810 4.0400
0.5823 4.0383
0.5835 4.0370
0.5848 4.0353
0.5861 4.0337
0.5873 4.0322
0.5886 4.0307
0.5899 4.0291
0.5911 4.0276
0.5924 4.0261
0.5937 4.0246
0.5949 4.0230
0.5962 4.0217
0.5975 4.0202
0.5987 4.0188
0.6000 4.0173
0.6013 4.0158
0.6025 4.0143
0.6038 4.0129
0.6051 4.0116
0.6063 4.0103
0.6076 4.0087
0.6089 4.0074
0.6101 4.0061
0.6114 4.0047
0.6127 4.0034
0.6139 4.0019
0.6152 4.0007
0.6165 3.9994
0.6177 3.9978
0.6190 3.9967
0.6203 3.9954
0.6215 3.9940
0.6228 3.9929
0.6241 3.9916
0.6253 3.9902
0.6266 3.9891
0.6279 3.9877
0.6291 3.9864
0.6304 3.9853
0.6317 3.9841
0.6329 3.9828
0.6342 3.9816
0.6355 3.9803
0.6367 3.9791
0.6380 3.9782
0.6393 3.9769
0.6405 3.9757
0.6418 3.9746
0.6431 3.9734
0.6443 3.9723
0.6456 3.9709
0.6469 3.9700
0.6481 3.9688
0.6494 3.9677
0.6507 3.9667
0.6519 3.9656
0.6532 3.9645
0.6545 3.9635
0.6557 3.9624
0.6570 3.9612
0.6583 3.9603
0.6595 3.9591
0.6608 3.9582
0.6621 3.9572
0.6633 3.9561
0.6646 3.9551
0.6659 3.9541
0.6671 3.9530
0.6684 3.9520
0.6696 3.9513
0.6709 3.9501
0.6722 3.9492
0.6734 3.9482
0.6747 3.9473
0.6760 3.9465
0.6772 3.9454
0.6785 3.9446
0.6798 3.9437
0.6810 3.9427
0.6823 3.9419
0.6836 3.9410
0.6848 3.9400
0.6861 3.9393
0.6874 3.9383
0.6886 3.9375
0.6899 3.9366
0.6912 3.9358
0.6924 3.9349
0.6937 3.9341
0.6950 3.9333
0.6962 3.9326
0.6975 3.9318
0.6988 3.9309
0.7000 3.9303
0.7013 3.9293
0.7026 3.9286
0.7038 3.9278
0.7051 3.9270
0.7064 3.9263
0.7076 3.9255
0.7089 3.9249
0.7102 3.9242
0.7114 3.9236
0.7127 3.9228
0.7140 3.9221
0.7152 3.9213
0.7165 3.9208
0.7178 3.9200
0.7190 3.9192
0.7203 3.9187
0.7216 3.9181
0.7228 3.9175
0.7241 3.9169
0.7254 3.9164
0.7266 3.9158
0.7279 3.9150
0.7292 3.9146
0.7304 3.9139
0.7317 3.9133
0.7330 3.9127
0.7342 3.9122
0.7355 3.9118
0.7368 3.9112
0.7380 3.9106
0.7393 3.9101
0.7406 3.9095
0.7418 3.9089
0.7431 3.9085
0.7444 3.9082
0.7456 3.9076
0.7469 3.9070
0.7482 3.9066
0.7494 3.9061
0.7507 3.9059
0.7520 3.9053
0.7532 3.9049
0.7545 3.9045
0.7558 3.9040
0.7570 3.9036
0.7583 3.9032
0.7596 3.9028
0.7608 3.9026
0.7621 3.9022
0.7634 3.9019
0.7646 3.9015
0.7659 3.9011
0.7672 3.9009
0.7684 3.9005
0.7697 3.9001
0.7710 3.8999
0.7722 3.8998
0.7735 3.8994
0.7748 3.8992
0.7760 3.8990
0.7773 3.8986
0.7786 3.8984
0.7798 3.8980
0.7811 3.8979
0.7824 3.8977
0.7836 3.8975
0.7849 3.8973
0.7862 3.8971
0.7874 3.8967
0.7887 3.8967
0.7900 3.8965
0.7912 3.8963
0.7925 3.8963
0.7938 3.8961
0.7950 3.8958
0.7963 3.8958
0.7976 3.8956
0.7988 3.8954
0.8001 3.8952
0.8014 3.8950
0.8026 3.8948
0.8039 3.8946
0.8052 3.8946
0.8064 3.8944
0.8077 3.8942
0.8089 3.8940
0.8102 3.8940
0.8115 3.8938
0.8127 3.8937
0.8140 3.8937
0.8153 3.8935
0.8165 3.8933
0.8178 3.8933
0.8191 3.8931
0.8203 3.8929
0.8216 3.8927
0.8229 3.8927
0.8241 3.8925
0.8254 3.8923
0.8267 3.8921
0.8279 3.8919
0.8292 3.8919
0.8305 3.8917
0.8317 3.8916
0.8330 3.8914
0.8343 3.8912
0.8355 3.8910
0.8368 3.8910
0.8381 3.8908
0.8393 3.8906
0.8406 3.8904
0.8419 3.8902
0.8431 3.8900
0.8444 3.8898
0.8457 3.8898
0.8469 3.8896
0.8482 3.8893
0.8495 3.8891
0.8507 3.8889
0.8520 3.8887
0.8533 3.8885
0.8545 3.8883
0.8558 3.8881
0.8571 3.8877
0.8583 3.8875
0.8596 3.8874
0.8609 3.8872
0.8621 3.8870
0.8634 3.8866
0.8647 3.8862
0.8659 3.8860
0.8672 3.8858
0.8685 3.8854
0.8697 3.8851
0.8710 3.8849
0.8723 3.8845
0.8735 3.8843
0.8748 3.8839
0.8761 3.8837
0.8773 3.8833
0.8786 3.8828
0.8799 3.8826
0.8811 3.8822
0.8824 3.8818
0.8837 3.8814
0.8849 3.8811
0.8862 3.8807
0.8875 3.8801
0.8887 3.8795
0.8900 3.8791
0.8913 3.8786
0.8925 3.8782
0.8938 3.8778
0.8951 3.8772
0.8963 3.8767
0.8976 3.8761
0.8989 3.8755
0.9001 3.8749
0.9014 3.8744
0.9027 3.8736
0.9039 3.8730
0.9052 3.8725
0.9065 3.8717
0.9077 3.8711
0.9090 3.8704
0.9103 3.8694
0.9115 3.8688
0.9128 3.8681
0.9141 3.8671
0.9153 3.8662
0.9166 3.8654
0.9179 3.8645
0.9191 3.8635
0.9204 3.8625
0.9217 3.8614
0.9229 3.8603
0.9242 3.8593
0.9255 3.8582
0.9267 3.8568
0.9280 3.8557
0.9293 3.8541
0.9305 3.8530
0.9318 3.8515
0.9331 3.8499
0.9343 3.8484
0.9356 3.8469
0.9369 3.8450
0.9381 3.8433
0.9394 3.8414
0.9407 3.8393
0.9419 3.8372
0.9432 3.8351
0.9444 3.8326
0.9457 3.8301
0.9470 3.8274
0.9482 3.8248
0.9495 3.8219
0.9508 3.8188
0.9520 3.8156
0.9533 3.8122
0.9546 3.8085
0.9558 3.8049
0.9571 3.8009
0.9584 3.7969
0.9596 3.7927
0.9609 3.7883
0.9622 3.7839
0.9634 3.7791
0.9647 3.7746
0.9660 3.7696
0.9672 3.7650
0.9685 3.7601
0.9698 3.7551
0.9710 3.7501
0.9723 3.7452
0.9736 3.7402
0.9748 3.7351
0.9761 3.7299
0.9774 3.7248
0.9786 3.7194
0.9799 3.7139
0.9812 3.7082
0.9824 3.7022
0.9837 3.6961
0.9850 3.6895
0.9862 3.6824
0.9875 3.6748
0.9888 3.6664
0.9900 3.6566
0.9913 3.6456
0.9926 3.6322
0.9938 3.6152
0.9951 3.5919
0.9964 3.5572
0.9976 3.5011
0.9989 3.4089
