5.2478 0.029369
152.19 0.088106
299.13 0.19090
446.06 0.24963
603.50 0.33774
750.44 0.42584
902.62 0.39648
1049.6 0.46990
1201.7 0.45521
1353.9 0.45521
1500.9 0.45521
1653.1 0.45521
1800.0 0.45521
1952.2 0.49927
2099.1 0.51395
2251.3 0.49927
2403.5 0.51395
2550.4 0.51395
2702.6 0.51395
2849.6 0.51395
3001.7 0.51395
3148.7 0.49927
3300.9 0.48458
3453.1 0.49927
3600.0 0.52863
3757.4 0.52863
3904.4 0.51395
4056.6 0.54332
4203.5 0.64611
4355.7 0.58737
4502.6 0.69016
4654.8 0.70485
4801.7 0.79295
4948.7 0.88106
5106.1 0.95448
5253.1 0.96916
5405.2 1.0279
5552.2 1.0866
5709.6 1.2041
5851.3 1.2628
6003.5 1.3069
6155.7 1.3069
6302.6 1.3069
6454.8 1.3216
6607.0 1.3656
6759.2 1.2775
6906.1 1.3803
7058.3 1.4684
7200.0 1.5272
