0.0 0.0
149.88 -2.3513
299.75 -5.0601
449.63 -8.1229
599.50 -11.422
746.38 -14.838
899.25 -18.137
1049.1 -21.436
1199.0 -24.735
1354.9 -28.387
1498.8 -31.804
1651.6 -35.221
1798.5 -38.520
1948.4 -42.290
2098.3 -45.707
2248.1 -48.652
2401.0 -52.186
2547.9 -55.249
2700.7 -57.958
2847.6 -61.021
3000.5 -63.376
3147.4 -65.613
3300.2 -67.849
3447.1 -69.968
3600.0 -71.733
3752.9 -73.380
3899.8 -75.381
4049.6 -76.674
4199.5 -78.321
4352.4 -79.732
4499.3 -81.615
4652.1 -83.144
4796.0 -84.909
4948.9 -86.555
5098.8 -88.792
5248.6 -91.501
5401.5 -95.036
5548.4 -98.689
5698.3 -103.52
5848.1 -108.35
5998.0 -113.42
6153.9 -118.61
6300.7 -123.44
6450.6 -128.75
6597.5 -133.93
6750.4 -139.47
6900.2 -145.01
7053.1 -149.61
7200.0 -153.97
