0.0000 0.0000
50.958 -2.3545
101.92 -5.3026
149.88 -8.2507
197.84 -11.553
248.79 -14.383
299.75 -18.157
350.71 -21.459
398.67 -25.351
446.63 -29.007
500.58 -33.135
548.54 -37.027
599.50 -40.919
650.46 -45.165
701.42 -49.056
749.38 -53.066
803.33 -56.958
848.29 -61.204
899.25 -65.096
953.21 -69.342
998.17 -72.880
1049.1 -76.654
1103.1 -80.546
1151.0 -84.202
1199.0 -87.622
1253.0 -91.042
1300.9 -94.462
1351.9 -97.764
1402.8 -101.42
1450.8 -104.96
1498.8 -109.32
1549.7 -114.28
1600.7 -119.94
1651.6 -126.43
1702.6 -133.39
1750.5 -139.75
