0.000000000000000000e+00, 4.013436561749368359e+00
1.666666666666666644e-02, 3.897983196176725951e+00
3.333333333333333287e-02, 3.853272979339968707e+00
5.000000000000000278e-02, 3.819301325836990557e+00
6.666666666666666574e-02, 3.786102490647772267e+00
8.333333333333332871e-02, 3.754965433855718793e+00
1.000000000000000056e-01, 3.727131020385332505e+00
1.166666666666666685e-01, 3.701880551955172294e+00
1.333333333333333315e-01, 3.678540122111200628e+00
1.500000000000000222e-01, 3.656766118033321966e+00
1.666666666666666574e-01, 3.635785977643034350e+00
1.833333333333333481e-01, 3.615353091713900735e+00
2.000000000000000111e-01, 3.595530596737977369e+00
2.166666666666666741e-01, 3.576439988383937951e+00
2.333333333333333370e-01, 3.557993889779099028e+00
2.500000000000000000e-01, 3.540262228636903874e+00
2.666666666666666630e-01, 3.523469536596321561e+00
2.833333333333333259e-01, 3.507625669231841936e+00
3.000000000000000444e-01, 3.493044536332794436e+00
3.166666666666666519e-01, 3.479489453084291917e+00
3.333333333333333148e-01, 3.465861637645225368e+00
3.500000000000000333e-01, 3.450905152585105551e+00
3.666666666666666963e-01, 3.433847761260683029e+00
3.833333333333333037e-01, 3.414205754324116437e+00
4.000000000000000222e-01, 3.391241118428354184e+00
4.166666666666666852e-01, 3.363949436866964238e+00
4.333333333333333481e-01, 3.330496111663209469e+00
4.499999999999999556e-01, 3.288536324194741400e+00
4.666666666666666741e-01, 3.233681650426214027e+00
4.833333333333333370e-01, 3.156527769778019188e+00
5.000000000000000000e-01, 3.034891465248341191e+00
5.035562569789857612e-01, 3.000009999999999621e+00
5.202229236456524797e-01, 3.491162795779267469e+00
5.368895903123191982e-01, 3.533196231107583074e+00
5.535562569789858056e-01, 3.550488545752831904e+00
5.702229236456524131e-01, 3.559612169290315542e+00
5.868895903123191315e-01, 3.565353453363743874e+00
6.035562569789857390e-01, 3.569366810162357240e+00
6.202229236456525685e-01, 3.572297248003812431e+00
6.368895903123191760e-01, 3.574442311809215678e+00
6.535562569789857834e-01, 3.575983456620753564e+00
6.702229236456525019e-01, 3.577081049790876044e+00
6.868895903123191093e-01, 3.893758508677892749e+00
7.035562569789857168e-01, 3.915814269069828768e+00
7.202229236456525463e-01, 3.929972585751778436e+00
7.368895903123191538e-01, 3.941824610777114213e+00
7.535562569789858722e-01, 3.950587197161584907e+00
7.702229236456524797e-01, 3.957621929791300008e+00
7.868895903123190871e-01, 3.964014021033178459e+00
8.035562569789858056e-01, 3.971194669929262400e+00
8.202229236456524131e-01, 3.980484760912808007e+00
8.368895903123191315e-01, 3.991230654401134004e+00
8.535562569789858500e-01, 4.003209234450181953e+00
8.702229236456524575e-01, 4.016206624931297320e+00
8.868895903123191760e-01, 4.030300287102406287e+00
9.035562569789858944e-01, 4.045700627893130452e+00
9.202229236456525019e-01, 4.062554280539544926e+00
9.368895903123192204e-01, 4.081028103975070209e+00
9.535562569789858278e-01, 4.101430069472440820e+00
9.702229236456524353e-01, 4.124225032781185796e+00
9.868895903123191538e-01, 4.149486313190254627e+00
1.003556256978985761e+00, 4.176992951411987676e+00
1.016521927624258970e+00, 4.199990000000000556e+00
1.033188594290925799e+00, 4.198999999999999844e+00
1.049855260957592407e+00, 4.198999999999999844e+00
1.066521927624259014e+00, 4.198999999999999844e+00
1.083188594290925622e+00, 4.198999999999999844e+00
1.099855260957592451e+00, 4.198999999999999844e+00
1.116521927624259058e+00, 4.198999999999999844e+00
1.133188594290925666e+00, 4.198999999999999844e+00
1.149855260957592273e+00, 4.198999999999999844e+00
1.166521927624259103e+00, 4.198999999999999844e+00
1.183188594290925710e+00, 4.198999999999999844e+00
1.199855260957592318e+00, 4.076743609811494196e+00
1.216521927624258925e+00, 3.786830088405134909e+00
1.233188594290925533e+00, 3.749168511305642770e+00
1.249855260957592140e+00, 3.725349084351462725e+00
1.266521927624258970e+00, 3.704684215793930591e+00
1.283188594290925577e+00, 3.684721037702769930e+00
1.299855260957592407e+00, 3.663539466624069707e+00
1.316521927624259014e+00, 3.641205048400235178e+00
1.333188594290925622e+00, 3.619245212967266756e+00
1.349855260957592451e+00, 3.600604695627056984e+00
1.366521927624259058e+00, 3.585497988606007880e+00
1.383188594290925666e+00, 3.571809229390158436e+00
1.399855260957592273e+00, 3.558592127214743162e+00
1.416521927624258881e+00, 3.545728213977493937e+00
1.433188594290925710e+00, 3.533313240455350002e+00
1.449855260957592318e+00, 3.520457999404353444e+00
1.466521927624258925e+00, 3.506723610443669870e+00
1.483188594290925533e+00, 3.491672624761667620e+00
1.499855260957592140e+00, 3.475246028137264354e+00
1.516521927624259192e+00, 3.457474546849555352e+00
1.533188594290925577e+00, 3.437831094045106894e+00
1.549855260957592407e+00, 3.414183741339941847e+00
1.566521927624259014e+00, 3.385277619288948880e+00
1.583188594290925622e+00, 3.349013331189079068e+00
1.599855260957592229e+00, 3.300643066438811335e+00
1.616521927624259058e+00, 3.233862214851318306e+00
1.633188594290925666e+00, 3.134202495969483415e+00
1.646100790601836339e+00, 3.000009999999998289e+00
1.662767457268502946e+00, 3.497498944600088144e+00
1.679434123935169554e+00, 3.534837772028472713e+00
1.696100790601836161e+00, 3.548605412538282877e+00
1.712767457268502769e+00, 3.554721153269065237e+00
1.729434123935169598e+00, 3.557863417583440935e+00
1.746100790601836428e+00, 3.559660001879381142e+00
1.762767457268503035e+00, 3.560784413962460704e+00
1.779434123935169643e+00, 3.561530247022919760e+00
1.796100790601836250e+00, 3.562045472104232058e+00
1.812767457268503080e+00, 3.562413626587836557e+00
1.829434123935169687e+00, 3.893165602870269026e+00
1.846100790601836295e+00, 3.915190749351394661e+00
1.862767457268502902e+00, 3.929048582728653649e+00
1.879434123935169509e+00, 3.940658813244227510e+00
1.896100790601836339e+00, 3.949883374648427203e+00
1.912767457268502946e+00, 3.956859709270887038e+00
1.929434123935169776e+00, 3.963254845427890860e+00
1.946100790601836383e+00, 3.970331243971083168e+00
1.962767457268502991e+00, 3.979459056514385917e+00
1.979434123935169820e+00, 3.989965869850613522e+00
1.996100790601836428e+00, 4.001742673178259047e+00
2.012767457268502813e+00, 4.014585100071886181e+00
2.029434123935169865e+00, 4.028484833242633734e+00
2.046100790601836472e+00, 4.043681930157274174e+00
2.062767457268503080e+00, 4.060280710271137572e+00
2.079434123935169687e+00, 4.078518979552543833e+00
2.096100790601836295e+00, 4.098673419545675323e+00
2.112767457268502902e+00, 4.121193537590893463e+00
2.129434123935169509e+00, 4.146157631192056492e+00
2.146100790601836561e+00, 4.173368169467849498e+00
2.161196405441211610e+00, 4.199990000000000556e+00
2.177863072107878217e+00, 4.198999999999999844e+00
2.194529738774544825e+00, 4.198999999999999844e+00
2.211196405441211432e+00, 4.198999999999999844e+00
2.227863072107878040e+00, 4.198999999999999844e+00
2.244529738774545091e+00, 4.198999999999999844e+00
2.261196405441211699e+00, 4.198999999999999844e+00
2.277863072107878306e+00, 4.198999999999999844e+00
2.294529738774544914e+00, 4.198999999999999844e+00
2.311196405441211521e+00, 4.198999999999999844e+00
2.327863072107878128e+00, 4.198999999999999844e+00
2.344529738774544736e+00, 4.076384218279986094e+00
