3.432122313593254 0.0010350140056022434
11.200874904887542 0.0011379459834817609
25.113929610717605 0.0013471214320270961
37.922025720498596 0.0015135116455871189
50.27699502646465 0.001661769787740932
65.01808164767886 0.001849292547207563
82.36326130314978 0.00208581361910996
99.7079083868889 0.0023192258035289615
119.21780218485992 0.0025652700364132124
138.7279604654068 0.0028128581863321057
157.15596724979605 0.003056884800364269
175.58149150455574 0.0032864196476849097
195.09198639928968 0.0035359727829206208
213.51900437950462 0.0037742272525846353
233.02707985976872 0.004009657055855726
251.45331941967606 0.004243367496974602
270.9643192356905 0.004495868110185536
289.38954895303664 0.0047236835953539625
307.81684043227847 0.004963534615587891
327.3251473347966 0.005200315346264294
347.9175623034339 0.005452079089981422
366.3442857462353 0.005688614197493221
385.852592648753 0.005925394928169624
405.36056293708384 0.006160210673529209
424.87094562708853 0.006409108813659314
444.37869150596134 0.006642614568807688
463.88683010138607 0.006878412806825681
483.39749330321297 0.0071289484347198005
500.7326190142335 0.007306779605891704
516.9920940905834 0.007518998020107899
535.4188596101578 0.007755778750784301
554.9268298984889 0.007990594496143887
575.5176459497379 0.008233024559606136
595.0272740629398 0.008477517857651043
615.6171896712385 0.008714691585390809
635.1253282666628 0.008950489823408802
654.6331302479005 0.009184323076109979
673.057392199459 0.009406489228492557
694.7306963610522 0.009654445813158354
715.3223118709955 0.009901542716748044
736.9974042954575 0.010159938285909428
755.4413209223696 0.010379447672520728
775.5829760648087 0.010599576504952416
793.2210591866276 0.010803840113694244
