0 0.001
6.429687153291297 0.0013375699578331637
13.246124896753145 0.0016188839832014107
17.37734815709041 0.0017944062966260537
22.41199485422453 0.001975157842527433
29.33001732873663 0.002198425669251731
34.89908182929685 0.002396000586978867
41.731315939674914 0.002594323747883284
49.60777236122021 0.0028059807377232484
57.860569313891574 0.0029990994946599847
66.33167403142238 0.003203890264378612
75.01770859044632 0.0034006344192248766
84.78671514270809 0.003605729761667611
95.63781007596731 0.0038140182052501716
106.48866937929529 0.004020931159110961
118.42137301833532 0.004229612599756885
130.35256189353345 0.004429451606477135
142.28319535532341 0.004626048387424637
155.29678397964176 0.004830898106702769
167.22312561054673 0.005002441324860859
179.15103249742128 0.005183121724742148
193.24399855633806 0.0053753393955550295
208.42041748590304 0.00557871537584555
223.5955380464609 0.005774512127056919
238.7693602380116 0.005962729649189139
253.94296603472776 0.006149683966474835
269.1161390417749 0.00633411187406748
285.3710698266 0.00651980298650665
303.79211290499484 0.006723178966797169
322.21296663790963 0.00692544964284698
340.6325159908497 0.007120106000794125
360.1349321450946 0.0073224994884262375
379.6356652284044 0.007515068049474265
399.13538846915276 0.007701741654571844
418.63460678862066 0.007885467781694197
439.216847593455 0.008077839844210543
459.7969677289109 0.008257832499230944
480.37828284473085 0.008444800852126046
502.04273826088274 0.008641102885276026
524.7872065255558 0.008828482098737371
547.531399378621 0.009014253596939501
570.2758401021335 0.009201472038874925
594.1027999197959 0.009394397869980555
617.9270056213827 0.00957124654849405
641.7525883810074 0.009756133803303615
665.5759678477716 0.00992815933603947
689.4004489609656 0.010106615729812177
713.223690721926 0.010277837404918425
737.0467947770826 0.010448255222395066
760.8685217742011 0.010610634463575639
781.2623343988687 0.010762563555571324
800.935183358438 0.010900352013083897
