# UDDS profile from SLIDE https://github.com/davidhowey/SLIDE/blob/master/Current%20Profile%20drive%20cycle%20UDDS.csv	
# with a maximum current of 0.81A	
# Time [s]	 Current [A]
0	-0.0030392
1	-0.0030392
2	-0.0030392
3	-0.0030392
4	-0.0030392
5	-0.0030392
6	-0.0030392
7	-0.0030392
8	-0.0030392
9	-0.0030392
10	-0.0030392
11	-0.0030392
12	-0.0030392
13	-0.0030392
14	-0.0030392
15	-0.0030392
16	-0.0030392
17	-0.0030392
18	-0.0030392
19	-0.0030392
20	-0.0030392
21	-0.03823
22	-0.11017
23	-0.1665
24	-0.24526
25	-0.30432
26	-0.34383
27	-0.087647
28	-0.1452
29	-0.42781
30	-0.20705
31	-0.1647
32	-0.064251
33	0.014223
34	0.037147
35	0.036196
36	0.024336
37	0.034419
38	0.24679
39	0.15457
40	-0.030511
41	-0.065534
42	-0.066836
43	-0.092799
44	-0.17388
45	-0.31551
46	-0.35063
47	-0.31505
48	-0.082876
49	-0.012776
50	-0.030059
51	0.11905
52	0.21659
53	0.15575
54	0.089464
55	-0.032348
56	-0.27903
57	-0.34132
58	-0.32937
59	-0.32237
60	-0.23216
61	-0.12673
62	-0.10965
63	-0.072262
64	0.015334
65	-0.033218
66	-0.090025
67	-0.071607
68	-0.033563
69	-0.033391
70	-0.052211
71	-0.14833
72	-0.15151
73	-0.074571
74	0.0020392
75	0.028835
76	-0.072262
77	-0.13119
78	-0.17349
79	-0.055755
80	0.0019866
81	-0.13512
82	-0.17852
83	-0.22523
84	-0.29827
85	-0.21935
86	-0.17884
87	-0.13548
88	-0.13703
89	-0.13858
90	-0.068596
91	-0.021285
92	-0.044478
93	-0.044267
94	-0.090906
95	-0.16235
96	0.016859
97	0.032817
98	0.016728
99	-0.13394
100	-0.18217
101	-0.16176
102	-0.11622
103	-0.093103
104	-0.045544
105	0.033149
106	0.048776
107	-0.089095
108	-0.136
109	-0.18485
110	-0.18822
111	-0.21615
112	-0.17077
113	-0.12296
114	-0.023701
115	0.03395
116	0.44929
117	0.43138
118	0.37936
119	0.32689
120	0.27403
121	0.22084
122	0.16737
123	0.1137
124	0.059869
125	0.0085033
126	-0.0030392
127	-0.0030392
128	-0.0030392
129	-0.0030392
130	-0.0030392
131	-0.0030392
132	-0.0030392
133	-0.0030392
134	-0.0030392
135	-0.0030392
136	-0.0030392
137	-0.0030392
138	-0.0030392
139	-0.0030392
140	-0.0030392
141	-0.0030392
142	-0.0030392
143	-0.0030392
144	-0.0030392
145	-0.0030392
146	-0.0030392
147	-0.0030392
148	-0.0030392
149	-0.0030392
150	-0.0030392
151	-0.0030392
152	-0.0030392
153	-0.0030392
154	-0.0030392
155	-0.0030392
156	-0.0030392
157	-0.0030392
158	-0.0030392
159	-0.0030392
160	-0.0030392
161	-0.0030392
162	-0.0030392
163	-0.0030392
164	-0.047836
165	-0.13745
166	-0.22717
167	-0.31708
168	-0.40726
169	-0.49781
170	-0.43107
171	-0.4242
172	-0.34213
173	-0.17636
174	0.057323
175	0.042559
176	0.015373
177	-0.11013
178	-0.092045
179	-0.092857
180	-0.13343
181	-0.34217
182	0.058854
183	0.2973
184	0.12641
185	0.33805
186	0.14032
187	0.020697
188	-0.15836
189	-0.10826
190	-0.24753
191	-0.4007
192	-0.46195
193	-0.61285
194	-0.77414
195	-0.81
196	-0.80412
197	-0.39809
198	-0.68127
199	-0.46643
200	-0.61143
201	-0.56994
202	-0.66014
203	-0.43592
204	-0.40983
205	-0.38153
206	-0.12973
207	-0.056509
208	-0.092339
209	-0.055629
210	-0.1275
211	-0.1275
212	-0.1275
213	-0.1275
214	-0.20026
215	-0.20145
216	-0.3133
217	-0.3549
218	-0.36042
219	-0.28938
220	-0.33107
221	-0.37442
222	-0.30116
223	-0.34409
224	-0.42896
225	-0.55916
226	-0.53019
227	-0.37188
228	-0.29154
229	-0.20874
230	-0.12441
231	-0.03946
232	-0.16469
233	-0.24918
234	-0.29308
235	-0.33822
236	-0.25546
237	-0.34336
238	-0.2597
239	-0.3048
240	-0.21945
241	-0.17627
242	-0.08885
243	-0.17514
244	-0.17514
245	-0.17514
246	-0.17514
247	-0.17514
248	-0.13155
249	-0.044259
250	-0.043275
251	0.087939
252	0.02977
253	0.0013865
254	-0.078989
255	-0.036725
256	-0.11847
257	-0.28391
258	-0.20262
259	-0.20323
260	-0.16202
261	-0.037023
262	0.0026224
263	0.0032187
264	0.0038006
265	0.032219
266	-0.27272
267	0.0046469
268	-0.11104
269	-0.070643
270	-0.069949
271	-0.18847
272	-0.22901
273	-0.27052
274	-0.31323
275	-0.35738
276	-0.36188
277	-0.36641
278	-0.53994
279	-0.37926
280	-0.25475
281	-0.3425
282	-0.17234
283	-0.086004
284	0.058487
285	0.087977
286	0.14534
287	0.2005
288	0.1705
289	-0.14865
290	-0.14865
291	0.0058571
292	0.16788
293	-0.10316
294	-0.17999
295	-0.10316
296	0.0077192
297	-0.10116
298	-0.13895
299	-0.13895
300	0.0082977
301	0.034729
302	0.035004
303	0.13653
304	0.18437
305	0.18126
306	0.20148
307	0.19724
308	0.17075
309	0.18882
310	0.30867
311	0.23685
312	0.28514
313	0.20018
314	0.17549
315	0.11898
316	0.099389
317	-0.04469
318	0.032885
319	0.11074
320	0.18155
321	0.33544
322	0.37144
323	0.12401
324	0.075275
325	0.032267
326	0.11542
327	0.10565
328	0.20254
329	0.087715
330	0.12532
331	0.10066
332	0.046804
333	0.0013265
334	-0.0030392
335	-0.0030392
336	-0.0030392
337	-0.0030392
338	-0.0030392
339	-0.0030392
340	-0.0030392
341	-0.0030392
342	-0.0030392
343	-0.0030392
344	-0.0030392
345	-0.0030392
346	-0.0030392
347	-0.007764
348	-0.074987
349	-0.16462
350	-0.25439
351	-0.34437
352	-0.40769
353	-0.42553
354	-0.45258
355	-0.26161
356	-0.33372
357	-0.33417
358	-0.37456
359	-0.48804
360	-0.25459
361	-0.26183
362	-0.19433
363	-0.2483
364	-0.28012
365	-0.31415
366	-0.10687
367	-0.16105
368	-0.054526
369	-0.0014916
370	-0.13365
371	-0.2978
372	-0.22154
373	-0.085065
374	-0.085065
375	-0.085065
376	-0.085065
377	-0.085065
378	-0.11292
379	-0.16943
380	-0.11457
381	-0.058575
382	0.016687
383	0.11121
384	0.12719
385	0.052887
386	0.31005
387	0.3377
388	0.43765
389	0.31279
390	0.27857
391	0.25347
392	0.23162
393	0.15639
394	0.16575
395	0.11207
396	0.058236
397	0.00742
398	-0.0030392
399	-0.0030392
400	-0.0030392
401	-0.0030392
402	-0.0030392
403	-0.031331
404	-0.11844
405	-0.20813
406	-0.29799
407	-0.3881
408	-0.47856
409	-0.56946
410	-0.52363
411	-0.17063
412	-0.44486
413	-0.38734
414	-0.29184
415	-0.089817
416	-0.043639
417	0.00089279
418	0.016693
419	0.032043
420	0.076828
421	0.38207
422	0.37461
423	0.3221
424	0.26921
425	0.21599
426	0.1625
427	0.10881
428	0.05497
429	0.005413
430	-0.0030392
431	-0.0030392
432	-0.0030392
433	-0.0030392
434	-0.0030392
435	-0.0030392
436	-0.0030392
437	-0.0030392
438	-0.0030392
439	-0.0030392
440	-0.0030392
441	-0.0030392
442	-0.0030392
443	-0.0030392
444	-0.0030392
445	-0.0030392
446	-0.0030392
447	-0.0030392
448	-0.045558
449	-0.13745
450	-0.22717
451	-0.31708
452	-0.40726
453	-0.49781
454	-0.5888
455	-0.68034
456	-0.35019
457	-0.34646
458	-0.6262
459	-0.44483
460	-0.22988
461	-0.39448
462	-0.16216
463	-0.21869
464	-0.22225
465	-0.057542
466	-0.11292
467	-0.11333
468	-0.029941
469	-0.0022905
470	-0.16718
471	-0.085065
472	0.016759
473	-0.05627
474	-0.056018
475	-0.028527
476	-0.082431
477	-0.082431
478	-0.082431
479	-0.082431
480	-0.082431
481	-0.028182
482	-0.10887
483	-0.10927
484	-0.16438
485	-0.0019472
486	-0.028182
487	-0.081781
488	-0.081781
489	-0.02784
490	-0.027502
491	-0.053791
492	0.12533
493	0.20837
494	0.26435
495	0.279
496	0.31452
497	0.34663
498	0.2722
499	0.29169
500	0.2386
501	0.16347
502	0.13044
503	0.08545
504	0.033829
505	-0.00098498
506	-0.0030392
507	-0.0030392
508	-0.0030392
509	-0.0030392
510	-0.0030392
511	-0.008804
512	-0.048757
513	-0.080215
514	-0.05981
515	-0.13176
516	-0.095787
517	-0.090648
518	-0.14385
519	-0.23578
520	-0.26141
521	-0.25478
522	-0.22113
523	-0.20568
524	-0.18477
525	-0.21004
526	-0.22006
527	-0.19315
528	-0.18103
529	-0.1284
530	-0.072262
531	-0.053212
532	-0.053212
533	-0.053212
534	-0.053212
535	-0.053212
536	-0.17063
537	-0.094488
538	-0.095308
539	0.015706
540	0.015563
541	-0.014882
542	-0.053212
543	-0.053212
544	0.041548
545	0.1285
546	0.34443
547	0.29169
548	0.2386
549	0.18522
550	0.13161
551	0.077824
552	0.02393
553	-0.0030392
554	-0.0030392
555	-0.0030392
556	-0.0030392
557	-0.0030392
558	-0.0030392
559	-0.0030392
560	-0.0030392
561	-0.0030392
562	-0.0030392
563	-0.0030392
564	-0.0030392
565	-0.0030392
566	-0.0030392
567	-0.0030392
568	-0.0030392
569	-0.045558
570	-0.13745
571	-0.22717
572	-0.29673
573	-0.19811
574	-0.19604
575	-0.16067
576	-0.034844
577	-0.034844
578	-0.10169
579	-0.063179
580	-0.036328
581	-0.0090511
582	0.020459
583	-0.021707
584	0.0020477
585	-0.086094
586	-0.048059
587	-0.02184
588	0.010987
589	-0.021176
590	-0.033797
591	-0.046627
592	-0.086094
593	-0.11529
594	-0.16198
595	-0.14026
596	-0.19214
597	-0.1694
598	-0.059916
599	-0.060222
600	-0.11034
601	-0.1125
602	-0.11466
603	-0.064251
604	-0.047113
605	-0.047113
606	-0.082093
607	-0.22711
608	-0.31427
609	-0.23133
610	-0.15727
611	-0.16049
612	0.086501
613	0.39201
614	0.33965
615	0.28688
616	0.23376
617	0.18035
618	0.12672
619	0.072928
620	0.019085
621	-0.0030392
622	-0.0030392
623	-0.0030392
624	-0.0030392
625	-0.0030392
626	-0.0030392
627	-0.0030392
628	-0.0030392
629	-0.0030392
630	-0.0030392
631	-0.0030392
632	-0.0030392
633	-0.0030392
634	-0.0030392
635	-0.0030392
636	-0.0030392
637	-0.0030392
638	-0.0030392
639	-0.0030392
640	-0.0030392
641	-0.0030392
642	-0.0030392
643	-0.0030392
644	-0.0030392
645	-0.0030392
646	-0.018804
647	-0.071272
648	-0.17006
649	-0.18527
650	-0.22432
651	-0.18007
652	-0.17646
653	-0.31102
654	-0.33766
655	-0.26051
656	-0.24425
657	-0.24006
658	-0.27092
659	-0.20606
660	-0.11303
661	-0.13455
662	-0.075904
663	-0.076239
664	-0.056272
665	-0.096954
666	-0.077247
667	-0.057051
668	0.02981
669	0.029373
670	0.21094
671	0.22958
672	0.27808
673	0.16913
674	0.13327
675	0.18176
676	0.14091
677	0.099899
678	0.048191
679	0.015567
680	0.0063899
681	-0.0030392
682	-0.0030392
683	-0.0030392
684	-0.0030392
685	-0.0030392
686	-0.0030392
687	-0.0030392
688	-0.0030392
689	-0.0030392
690	-0.0030392
691	-0.0030392
692	-0.0030392
693	-0.0030392
694	-0.010842
695	-0.041524
696	-0.0424
697	-0.10072
698	-0.18005
699	-0.18702
700	-0.23537
701	-0.14766
702	-0.24627
703	-0.072077
704	-0.0084784
705	-0.033797
706	-0.26237
707	-0.18225
708	-0.17653
709	-0.26702
710	-0.21505
711	-0.047113
712	0.014223
713	-0.15019
714	-0.15438
715	-0.085239
716	0.087906
717	0.072699
718	0.091902
719	0.22745
720	0.23887
721	0.19526
722	0.15143
723	0.10081
724	0.038814
725	0.022325
726	0.0060746
727	0.0064513
728	-0.0039162
729	-0.044724
730	-0.13474
731	-0.20934
732	-0.26944
733	-0.18007
734	-0.26141
735	-0.29627
736	-0.26996
737	-0.34276
738	-0.32091
739	-0.30634
740	-0.24535
741	-0.25557
742	-0.18141
743	-0.16438
744	-0.12433
745	-0.14768
746	-0.12784
747	-0.06267
748	0.0013617
749	-0.040005
750	-0.01812
751	0.031052
752	0.059421
753	0.14089
754	0.22354
755	0.20566
756	0.23918
757	0.20978
758	0.1104
759	0.15447
760	0.16384
761	0.12013
762	0.069665
763	0.012186
764	-0.0056714
765	0.0010689
766	-0.0026772
767	-0.03823
768	-0.1293
769	-0.21901
770	-0.30889
771	-0.34943
772	-0.25175
773	-0.16107
774	-0.19929
775	-0.22701
776	-0.25778
777	-0.25581
778	-0.3844
779	-0.35196
780	-0.26585
781	-0.16698
782	-0.12634
783	-0.19453
784	-0.063498
785	-0.063498
786	-0.041191
787	0.0013006
788	-0.018476
789	-0.061849
790	-0.061849
791	-0.040005
792	0.045995
793	-0.038653
794	-0.05969
795	-0.05969
796	-0.05969
797	-0.05969
798	-0.05969
799	-0.080995
800	-0.14595
801	-0.17025
802	-0.40161
803	-0.30236
804	-0.31295
805	-0.32362
806	-0.075465
807	-0.22988
808	-0.18181
809	-0.15776
810	-0.053063
811	-0.026508
812	-0.078582
813	-0.052344
814	-0.0009477
815	0.034711
816	-0.050229
817	0.034398
818	0.034122
819	-0.047732
820	0.000097878
821	-0.046848
822	0.099389
823	0.049016
824	-0.043431
825	-0.066301
826	-0.066301
827	-0.066301
828	0.0009295
829	-0.042606
830	-0.065171
831	-0.01971
832	0.016618
833	0.062011
834	0.031209
835	0.059797
836	0.1693
837	0.19829
838	0.17237
839	0.13793
840	0.10787
841	-0.039579
842	-0.17653
843	-0.16856
844	-0.12526
845	-0.14532
846	-0.14949
847	-0.15368
848	-0.19487
849	-0.24027
850	-0.25046
851	-0.1778
852	-0.057312
853	-0.098611
854	-0.099443
855	-0.10028
856	-0.18649
857	-0.12533
858	-0.21529
859	-0.085528
860	-0.085881
861	-0.086236
862	-0.041592
863	0.092351
864	0.045863
865	0.030649
866	0.12814
867	0.069556
868	0.028468
869	-0.10917
870	-0.11061
871	-0.13175
872	-0.094079
873	-0.15534
874	-0.20001
875	-0.18431
876	-0.12383
877	-0.19086
878	-0.19527
879	-0.10877
880	-0.041793
881	-0.041592
882	-0.041391
883	0.016535
884	0.016444
885	-0.039615
886	-0.061034
887	0.016319
888	0.016211
889	0.044655
890	-0.14022
891	-0.16373
892	-0.12383
893	-0.10364
894	-0.017885
895	-0.10364
896	-0.061034
897	-0.061034
898	0.0015336
899	0.0016132
900	0.030567
901	0.0018052
902	-0.036778
903	-0.057051
904	-0.057051
905	-0.016214
906	-0.036228
907	-0.056272
908	0.0019494
909	0.0020046
910	-0.05473
911	-0.11448
912	-0.035504
913	0.0020221
914	0.081994
915	0.1045
916	0.12379
917	0.037304
918	-0.045003
919	-0.061761
920	-0.19952
921	-0.18973
922	-0.15929
923	-0.088021
924	-0.088821
925	-0.14706
926	-0.09164
927	-0.072918
928	-0.073248
929	-0.093264
930	0.0020721
931	-0.014882
932	-0.053212
933	-0.053212
934	0.002147
935	-0.014398
936	-0.014208
937	-0.051467
938	-0.089222
939	-0.1477
940	-0.053212
941	0.015334
942	-0.052211
943	0.028094
944	-0.12617
945	-0.16707
946	-0.15151
947	0.029016
948	0.10656
949	0.21015
950	0.18141
951	0.28747
952	0.24505
953	0.1917
954	0.13812
955	0.08435
956	0.030467
957	-0.002856
958	-0.0030392
959	-0.0030392
960	-0.018804
961	-0.10214
962	-0.19181
963	-0.28163
964	-0.37169
965	-0.32264
966	-0.18973
967	-0.24753
968	-0.21637
969	-0.19398
970	-0.22006
971	-0.32394
972	-0.40561
973	-0.30617
974	-0.18867
975	-0.12684
976	-0.084121
977	-0.062396
978	-0.062396
979	0.07612
980	-0.017539
981	0.0016639
982	0.016096
983	0.0018271
984	0.02981
985	0.0019866
986	0.029106
987	0.11984
988	0.21015
989	0.025507
990	-0.044771
991	-0.095046
992	-0.16547
993	-0.13514
994	-0.012861
995	-0.047826
996	-0.083269
997	0.0023436
998	-0.047588
999	-0.047588
1000	-0.19059
1001	-0.14139
1002	-0.16353
1003	-0.090428
1004	-0.11061
1005	-0.13175
1006	-0.074239
1007	-0.034967
1008	0.028926
1009	0.08047
1010	0.014963
1011	0.027228
1012	0.0023311
1013	0.014417
1014	0.026025
1015	0.013972
1016	0.091902
1017	0.27501
1018	0.25472
1019	0.20142
1020	0.14787
1021	0.094137
1022	0.04027
1023	-0.00098498
1024	-0.0030392
1025	-0.0030392
1026	-0.0030392
1027	-0.0030392
1028	-0.0030392
1029	-0.0030392
1030	-0.0030392
1031	-0.0030392
1032	-0.0030392
1033	-0.0030392
1034	-0.0030392
1035	-0.0030392
1036	-0.0030392
1037	-0.0030392
1038	-0.0030392
1039	-0.0030392
1040	-0.0030392
1041	-0.0030392
1042	-0.0030392
1043	-0.0030392
1044	-0.0030392
1045	-0.0030392
1046	-0.0030392
1047	-0.0030392
1048	-0.0030392
1049	-0.0030392
1050	-0.0030392
1051	-0.0030392
1052	-0.0030392
1053	-0.008804
1054	-0.063625
1055	-0.15647
1056	-0.24622
1057	-0.33618
1058	-0.39993
1059	-0.24115
1060	-0.26168
1061	-0.33259
1062	-0.2535
1063	-0.23014
1064	-0.20174
1065	-0.20866
1066	-0.23606
1067	-0.11888
1068	-0.18358
1069	-0.16633
1070	-0.14768
1071	0.0014498
1072	0.031052
1073	0.030649
1074	-0.058362
1075	0.058474
1076	0.20454
1077	0.21462
1078	0.084235
1079	0.069524
1080	0.2383
1081	0.23887
1082	0.17567
1083	0.05699
1084	0.012297
1085	0.017032
1086	0.010805
1087	0.0052427
1088	0.0049051
1089	-0.011819
1090	-0.031949
1091	-0.032626
1092	0.00015535
1093	-0.011819
1094	0.013224
1095	0.027642
1096	0.05346
1097	0.010933
1098	0.02177
1099	0.0101
1100	-0.00098498
1101	-0.0030963
1102	-0.0049998
1103	-0.013434
1104	-0.04762
1105	-0.1456
1106	-0.21961
1107	-0.26914
1108	-0.15118
1109	-0.083995
1110	-0.20712
1111	-0.31025
1112	-0.31752
1113	-0.20008
1114	-0.076289
1115	-0.060529
1116	-0.060836
1117	-0.094583
1118	-0.18207
1119	-0.13514
1120	-0.19315
1121	-0.18103
1122	-0.1477
1123	-0.033911
1124	-0.033737
1125	-0.091235
1126	-0.13119
1127	-0.13343
1128	-0.095308
1129	-0.13681
1130	-0.097781
1131	-0.11938
1132	-0.078941
1133	-0.058362
1134	-0.058362
1135	-0.03752
1136	-0.037333
1137	-0.057836
1138	0.0018271
1139	-0.036594
1140	0.015843
1141	0.029373
1142	0.081994
1143	0.1045
1144	0.20566
1145	0.13474
1146	0.22157
1147	0.10891
1148	0.13734
1149	0.19818
1150	0.14462
1151	0.090875
1152	0.037002
1153	-0.0018215
1154	-0.0030392
1155	-0.0030392
1156	-0.0030392
1157	-0.0030392
1158	-0.0030392
1159	-0.0030392
1160	-0.0030392
1161	-0.0030392
1162	-0.0030392
1163	-0.0030392
1164	-0.0030392
1165	-0.0030392
1166	-0.0030392
1167	-0.0030392
1168	-0.0030392
1169	-0.0204
1170	-0.10486
1171	-0.19453
1172	-0.28436
1173	-0.37443
1174	-0.46483
1175	-0.42253
1176	-0.3681
1177	-0.13826
1178	0.027032
1179	0.026533
1180	0.25088
1181	0.2949
1182	0.24183
1183	0.18846
1184	0.13486
1185	0.081087
1186	0.027199
1187	-0.0030607
1188	-0.0030392
1189	-0.0030392
1190	-0.0030392
1191	-0.0030392
1192	-0.0030392
1193	-0.0030392
1194	-0.0030392
1195	-0.0030392
1196	-0.0030392
1197	-0.0032304
1198	-0.013034
1199	-0.045905
1200	-0.12727
1201	-0.22445
1202	-0.20712
1203	-0.11183
1204	-0.036591
1205	0.0080774
1206	-0.045677
1207	-0.056509
1208	-0.026925
1209	-0.12159
1210	-0.20035
1211	-0.2207
1212	-0.25551
1213	-0.20142
1214	-0.24552
1215	-0.12587
1216	-0.095046
1217	-0.045468
1218	0.0023867
1219	0.0023891
1220	-0.09366
1221	-0.095046
1222	-0.07937
1223	-0.028946
1224	-0.011953
1225	-0.011795
1226	-0.044771
1227	-0.028167
1228	0.11268
1229	0.033928
1230	0.0023247
1231	-0.099678
1232	-0.070976
1233	-0.071729
1234	0.023346
1235	0.16945
1236	0.15115
1237	0.1683
1238	0.16606
1239	0.081581
1240	0.062847
1241	0.044062
1242	0.018947
1243	0.010343
1244	-0.00216
1245	-0.0030392
1246	-0.0030392
1247	-0.0030392
1248	-0.0030392
1249	-0.0030392
1250	-0.0030392
1251	-0.0030392
1252	-0.0070736
1253	-0.0047935
1254	-0.0047935
1255	-0.0047935
1256	-0.0047935
1257	-0.011322
1258	-0.031856
1259	-0.036126
1260	-0.045592
1261	-0.069531
1262	-0.10924
1263	-0.15758
1264	-0.060872
1265	0.037739
1266	0.033712
1267	0.025589
1268	-0.093339
1269	-0.18833
1270	-0.31416
1271	-0.3893
1272	-0.3883
1273	-0.27543
1274	-0.17614
1275	-0.11358
1276	-0.18632
1277	-0.15648
1278	-0.14202
1279	-0.12617
1280	-0.051963
1281	0.027999
1282	0.02752
1283	-0.049509
1284	-0.049509
1285	-0.049509
1286	-0.049509
1287	-0.049509
1288	-0.14139
1289	-0.069336
1290	-0.12617
1291	-0.090025
1292	-0.11013
1293	-0.13119
1294	-0.093671
1295	-0.074571
1296	-0.11497
1297	-0.09613
1298	-0.22085
1299	-0.22787
1300	-0.16894
1301	-0.21691
1302	-0.086236
1303	-0.041592
1304	0.10735
1305	0.42195
1306	0.36985
1307	0.31731
1308	0.26438
1309	0.21113
1310	0.15763
1311	0.10392
1312	0.050071
1313	0.0028015
1314	-0.0030392
1315	-0.0030392
1316	-0.0030392
1317	-0.0030392
1318	-0.0030392
1319	-0.0030392
1320	-0.0030392
1321	-0.0030392
1322	-0.0030392
1323	-0.0030392
1324	-0.0030392
1325	-0.0030392
1326	-0.0030392
1327	-0.0030392
1328	-0.0030392
1329	-0.0030392
1330	-0.0030392
1331	-0.0030392
1332	-0.0030392
1333	-0.0030392
1334	-0.0030392
1335	-0.0030392
1336	-0.0030392
1337	-0.0030392
1338	-0.011977
1339	-0.088564
1340	-0.17821
1341	-0.26801
1342	-0.19564
1343	-0.23575
1344	-0.24115
1345	-0.23841
1346	-0.21329
1347	-0.16352
1348	-0.20306
1349	-0.14463
1350	-0.079757
1351	-0.097831
1352	0.014173
1353	0.013972
1354	0.025086
1355	0.035555
1356	0.0239
1357	0.012877
1358	0.083321
1359	0.069193
1360	0.065352
1361	0.061481
1362	0.095819
1363	0.18067
1364	0.13678
1365	0.08718
1366	0.04758
1367	0.012072
1368	-0.0030392
1369	-0.0030392
