0.20000 3.93140
0.20938 3.92786
0.22066 3.92192
0.23603 3.91305
0.25141 3.90194
0.26679 3.89150
0.28217 3.87860
0.29755 3.86526
0.31294 3.84856
0.32833 3.83382
0.34371 3.81986
0.35910 3.80472
0.37449 3.78713
0.38988 3.77021
0.40499 3.75194
0.42066 3.73167
0.43606 3.71206
0.45146 3.69112
0.46686 3.66928
0.48225 3.64744
0.49765 3.62448
0.51305 3.60085
0.52845 3.57633
0.54386 3.55203
0.55926 3.52817
0.57466 3.50343
0.59006 3.47913
0.60546 3.45527
0.62086 3.42941
0.63626 3.40287
0.65167 3.37477
0.66708 3.34667
0.68249 3.31723
0.69790 3.28622
0.71332 3.25477
0.72873 3.22242
0.74415 3.18694
0.75957 3.15124
0.77499 3.11620
0.79042 3.07871
0.80584 3.04011
0.82126 3.00217
0.83669 2.96155
0.85212 2.91757
0.86756 2.87136
0.88300 2.82292
0.89845 2.77089
0.91320 2.71715
0.92655 2.66592
0.93780 2.61709
0.96459 2.46235
0.97096 2.41048
0.97664 2.35333
0.98162 2.29617
0.98520 2.24086
0.98810 2.17939
0.99066 2.11023
0.99162 2.06947
0.99381 2.01563
