0.20000 3.90269
0.22070 3.89877
0.23607 3.88878
0.25146 3.87568
0.26684 3.86286
0.28222 3.84816
0.29762 3.83046
0.31300 3.81569
0.32839 3.79765
0.34378 3.77783
0.35918 3.75822
0.37457 3.73817
0.38997 3.71610
0.40537 3.69248
0.42077 3.66818
0.43618 3.64231
0.45158 3.61600
0.46698 3.59371
0.48238 3.57187
0.49777 3.55070
0.51317 3.52864
0.52857 3.50635
0.54397 3.48361
0.55937 3.46065
0.57477 3.43702
0.59017 3.41094
0.60558 3.38418
0.62098 3.35786
0.63638 3.32887
0.65180 3.30032
0.66721 3.26998
0.68262 3.23697
0.69804 3.20350
0.71346 3.16534
0.72889 3.12628
0.74431 3.08723
0.75974 3.04347
0.77518 2.99659
0.79063 2.94412
0.80469 2.89108
0.81664 2.83771
0.82651 2.78201
0.83428 2.72982
0.84065 2.67735
0.85285 2.47758
0.85486 2.38233
0.85520 2.32020
0.85603 2.23904
0.85754 2.17265
0.85832 2.11896
0.85867 2.04859
0.85906 2.00297
