0.20000 3.88775
0.20452 3.88660
0.22087 3.87797
0.23625 3.86773
0.25164 3.85189
0.26704 3.83426
0.28243 3.81597
0.29783 3.79588
0.31323 3.77355
0.32863 3.75011
0.34403 3.72465
0.35944 3.69718
0.37484 3.66971
0.39025 3.64179
0.40566 3.61633
0.42106 3.59311
0.43646 3.56944
0.45186 3.54667
0.46726 3.52412
0.48266 3.49955
0.49806 3.47477
0.51347 3.44864
0.52888 3.41960
0.54429 3.38922
0.55970 3.35638
0.57512 3.31906
0.59055 3.27504
0.60459 3.22834
0.61723 3.17643
0.62850 3.11455
0.63697 3.05185
0.64264 2.99084
0.64622 2.92539
0.64728 2.82779
0.64872 2.63401
0.64881 2.57249
0.64960 2.50112
0.64968 2.44698
0.64975 2.39284
0.64983 2.33870
0.64990 2.28455
0.64998 2.23041
0.65005 2.17627
0.65013 2.12213
0.65038 2.00817