0.01	1.739382167
0.031296231	0.981007568
0.034999017	0.902502607
0.038701798	0.83457424
0.042404576	0.775770921
0.046107357	0.724833949
0.049810147	0.680670505
0.053512917	0.642330469
0.05721568	0.608984964
0.06091845	0.579909086
0.064621218	0.55446636
0.06832399	0.532094822
0.072026752	0.512295438
0.075729512	0.494621812
0.079432272	0.478672079
0.083135031	0.464082464
0.086837786	0.450522948
0.090540544	0.437695341
0.094243312	0.425334071
0.09794607	0.413209856
0.101648825	0.401135701
0.105351579	0.388975005
0.109054336	0.376649776
0.112757097	0.364146864
0.116459849	0.351519541
0.120162608	0.338881946
0.123865357	0.326396005
0.127568112	0.3142511
0.131270864	0.302640509
0.134973621	0.291738222
0.138676383	0.281680886
0.14237913	0.272557298
0.14608189	0.264405858
0.14978465	0.257219216
0.153487405	0.250952968
0.157190176	0.245536292
0.160892939	0.240882446
0.164595701	0.236897511
0.16829847	0.233487191
0.172001224	0.230561476
0.175703988	0.228037367
0.179406739	0.225840342
0.183109501	0.22390465
0.186812286	0.222173081
0.190515044	0.220596313
0.194217798	0.219132018
0.197920561	0.217744015
0.201623338	0.21640142
0.2053261	0.215077882
0.209028863	0.213750896
0.212731638	0.212401271
0.2164344	0.211012704
0.220137159	0.209571422
0.223839933	0.208065948
0.227542705	0.206486956
0.231245473	0.204827161
0.234948247	0.203081273
0.238651007	0.201246009
0.242353771	0.19932008
0.246056535	0.197304232
0.249759296	0.195201249
0.253462075	0.193015923
0.257164856	0.190755034
0.260867623	0.188427228
0.264570388	0.186042846
0.268273142	0.183613735
0.271975899	0.181152956
0.275678671	0.178674482
0.279381438	0.176192866
0.283084209	0.173722831
0.286786984	0.171278913
0.290489741	0.168875116
0.294192511	0.166524527
0.297895288	0.164239093
0.301598064	0.162029374
0.30530083	0.159904379
0.309003606	0.15787145
0.312706366	0.15593628
0.316409129	0.154102883
0.320111892	0.152373709
0.323814658	0.150749746
0.32751744	0.149230663
0.331220205	0.147814998
0.334922968	0.146500294
0.338625751	0.145283288
0.342328528	0.144160099
0.34603131	0.143126354
0.349734084	0.142177355
0.353436855	0.141308188
0.357139628	0.140513839
0.360842412	0.139789287
0.364545175	0.139129584
0.368247948	0.138529897
0.371950715	0.137985574
0.375653482	0.137492165
0.37935626	0.13704545
0.383059045	0.136641456
0.38676182	0.136276463
0.390464597	0.135946999
0.394167374	0.135649847
0.397870147	0.135382033
0.401572911	0.135140818
0.405275674	0.134923688
0.408978444	0.134728337
0.412681205	0.134552664
0.416383982	0.134394748
0.420086761	0.134252845
0.423789528	0.134125367
0.427492296	0.134010875
0.431195061	0.133908062
0.434897837	0.133815745
0.438600611	0.133732852
0.442303382	0.133658412
0.446006148	0.133591546
0.449708926	0.133531454
0.453411684	0.133477412
0.457114441	0.133428756
0.460817193	0.133384883
0.464519943	0.133345233
0.468222694	0.133309288
0.471925449	0.133276563
0.475628215	0.133246594
0.479330982	0.133218932
0.483033747	0.133193135
0.486736511	0.133168753
0.490439263	0.133145318
0.494142033	0.133122331
0.497844817	0.133099241
0.501547588	0.13307543
0.505250356	0.133050187
0.508953106	0.133022675
0.512655855	0.132991901
0.516358615	0.132956668
0.520061386	0.132915522
0.523764154	0.13286669
0.527466922	0.132807995
0.531169691	0.132736767
0.534872451	0.132649723
0.538575207	0.132542834
0.542277974	0.132411163
0.54598074	0.13224869
0.549683501	0.13204811
0.55338627	0.131800619
0.55708902	0.131495713
0.560791784	0.131121006
0.564494537	0.130662135
0.568197299	0.130102779
0.571900057	0.129424911
0.575602818	0.128609351
0.579305582	0.127636753
0.583008351	0.126489103
0.586711119	0.125151788
0.590413886	0.123616128
0.594116642	0.121882149
0.597819412	0.11996109
0.601522182	0.117877112
0.605224955	0.115667415
0.608927724	0.113380425
0.612630478	0.111071964
0.61633325	0.108799954
0.620036027	0.106618768
0.623738798	0.104574226
0.627441562	0.102700248
0.631144326	0.101017566
0.634847115	0.099534316
0.638549884	0.098248029
0.642252651	0.097148231
0.64595543	0.096219209
0.649658232	0.095442443
0.653361005	0.094798533
0.657063775	0.094268535
0.660766564	0.093834843
0.664469339	0.093481656
0.668172119	0.093195151
0.671874891	0.092963473
0.67557767	0.092776609
0.679280441	0.092626202
0.68298322	0.09250534
0.686686002	0.092408348
0.690388779	0.092330595
0.694091555	0.092268319
0.697794325	0.092218472
0.701497094	0.092178596
0.705199875	0.09214671
0.708902639	0.092121221
0.712605404	0.092100852
0.716308185	0.092084577
0.720010954	0.092071576
0.723713711	0.092061192
0.727416484	0.092052898
0.731119252	0.092046275
0.734822036	0.092040985
0.7385248	0.092036761
0.742227568	0.092033388
0.74593034	0.092030695
0.749633119	0.092028544
0.753335892	0.092026826
0.757038685	0.092025454
0.76074146	0.092024359
0.764444224	0.092023484
0.768146984	0.092022785
0.77184976	0.092022226
0.775552533	0.09202178
0.779255308	0.092021424
0.782958073	0.092021139
0.786660853	0.092020912
0.790363639	0.09202073
0.794066407	0.092020585
0.797769181	0.092020468
0.801471972	0.092020375
0.80517474	0.092020301
0.808877513	0.092020241
0.812580278	0.092020194
0.816283043	0.092020156
0.819985807	0.092020125
0.823688582	0.092020101
0.827391363	0.092020081
0.831094112	0.092020065
0.834796875	0.092020053
0.838499654	0.092020043
0.842202418	0.092020034
0.845905185	0.092020028
0.849607966	0.092020023
0.853310746	0.092020018
0.857013527	0.092020015
0.860716309	0.092020012
0.864419074	0.09202001
0.868121861	0.092020008
0.871824645	0.092020007
0.875527416	0.092020006
0.879230193	0.092020005
0.882932958	0.092020004
0.886635728	0.092020003
0.890338494	0.092020003
0.894041256	0.092020002
0.897744037	0.092020002
0.901446801	0.092020002
1	0.09202
