0.0000E+00 4.0379E+00
3.6364E+01 3.9476E+00
7.2727E+01 3.9306E+00
1.0909E+02 3.9228E+00
1.4545E+02 3.9179E+00
1.8182E+02 3.9136E+00
2.1818E+02 3.9089E+00
2.5455E+02 3.9018E+00
2.9091E+02 3.8928E+00
3.2727E+02 3.8822E+00
3.6364E+02 3.8728E+00
4.0000E+02 3.8620E+00
4.3636E+02 3.8509E+00
4.7273E+02 3.8399E+00
5.0909E+02 3.8294E+00
5.4545E+02 3.8195E+00
5.8182E+02 3.8099E+00
6.1818E+02 3.8009E+00
6.5455E+02 3.7926E+00
6.9091E+02 3.7851E+00
7.2727E+02 3.7776E+00
7.6364E+02 3.7704E+00
8.0000E+02 3.7637E+00
8.3636E+02 3.7569E+00
8.7273E+02 3.7496E+00
9.0909E+02 3.7408E+00
9.4545E+02 3.7302E+00
9.8182E+02 3.7181E+00
1.0182E+03 3.7079E+00
1.0545E+03 3.6973E+00
1.0909E+03 3.6865E+00
1.1273E+03 3.6756E+00
1.1636E+03 3.6651E+00
1.2000E+03 3.6542E+00
1.2364E+03 3.6434E+00
1.2727E+03 3.6326E+00
1.3091E+03 3.6217E+00
1.3455E+03 3.6107E+00
1.3818E+03 3.6002E+00
1.4182E+03 3.5904E+00
1.4545E+03 3.5812E+00
1.4909E+03 3.5719E+00
1.5273E+03 3.5627E+00
1.5636E+03 3.5544E+00
1.6000E+03 3.5459E+00
1.6364E+03 3.5376E+00
1.6727E+03 3.5299E+00
1.7091E+03 3.5225E+00
1.7455E+03 3.5155E+00
1.7818E+03 3.5081E+00
1.8182E+03 3.5014E+00
1.8545E+03 3.4942E+00
1.8909E+03 3.4880E+00
1.9273E+03 3.4813E+00
1.9636E+03 3.4743E+00
2.0000E+03 3.4685E+00
2.0364E+03 3.4622E+00
2.0727E+03 3.4552E+00
2.1091E+03 3.4488E+00
2.1455E+03 3.4421E+00
2.1818E+03 3.4349E+00
2.2182E+03 3.4280E+00
2.2545E+03 3.4205E+00
2.2909E+03 3.4134E+00
2.3273E+03 3.4058E+00
2.3636E+03 3.3974E+00
2.4000E+03 3.3890E+00
2.4364E+03 3.3796E+00
2.4727E+03 3.3700E+00
2.5091E+03 3.3612E+00
2.5455E+03 3.3514E+00
2.5818E+03 3.3415E+00
2.6182E+03 3.3322E+00
2.6545E+03 3.3227E+00
2.6909E+03 3.3129E+00
2.7273E+03 3.3027E+00
2.7636E+03 3.2929E+00
2.8000E+03 3.2827E+00
2.8364E+03 3.2713E+00
2.8727E+03 3.2594E+00
2.9091E+03 3.2474E+00
2.9455E+03 3.2344E+00
2.9818E+03 3.2227E+00
3.0182E+03 3.2105E+00
3.0545E+03 3.1949E+00
3.0909E+03 3.1738E+00
3.1273E+03 3.1493E+00
3.1636E+03 3.1209E+00
3.2000E+03 3.0896E+00
3.2364E+03 3.0551E+00
3.2727E+03 3.0195E+00
3.3091E+03 2.9853E+00
3.3455E+03 2.9472E+00
3.3818E+03 2.9102E+00
3.4182E+03 2.8620E+00
3.4545E+03 2.8109E+00
3.4909E+03 2.7238E+00
3.5273E+03 2.5943E+00
