1.700000000000000122e-01 4.684759999999999813e+00
1.820289855072463880e-01 4.209836435940212063e+00
1.880434782608695898e-01 4.164127738926151956e+00
1.940579710144927639e-01 4.145363651901535107e+00
2.000724637681159657e-01 4.139412559554208393e+00
2.060869565217391397e-01 4.137651071465049846e+00
2.121014492753623415e-01 4.136720911329769379e+00
2.181159420289855433e-01 4.136278184376878997e+00
2.301449275362318914e-01 4.135534702711290755e+00
2.421739130434782672e-01 4.134844161587960976e+00
2.542028985507246430e-01 4.134149548241063954e+00
2.622222222222222454e-01 4.133679867964641375e+00
2.722463768115942484e-01 4.133084339654761408e+00
2.842753623188405965e-01 4.132377860474617748e+00
2.963043478260869446e-01 4.131653551462326490e+00
3.083333333333333481e-01 4.130936567475854915e+00
3.323913043478260998e-01 4.129509281722774539e+00
3.544444444444444509e-01 4.128249762903316800e+00
3.744927536231884013e-01 4.127181413298831814e+00
3.985507246376811530e-01 4.126051046610601958e+00
4.466666666666666563e-01 4.124500082774049226e+00
5.388888888888888618e-01 4.113770431718061005e+00
6.311111111111110672e-01 4.017379390112579607e+00
7.233333333333333837e-01 3.990009167058086614e+00
7.473913043478260798e-01 3.983906262538531085e+00
7.714492753623188870e-01 3.977043691169293904e+00
7.955072463768115831e-01 3.969149963796488656e+00
8.155555555555555891e-01 3.961521693228205798e+00
8.376086956521738847e-01 3.951525332130332746e+00
8.616666666666665808e-01 3.938606053249804173e+00
8.736956521739129844e-01 3.930876297368152361e+00
8.857246376811593880e-01 3.922086828390816127e+00
8.977536231884057916e-01 3.911951207086354909e+00
9.077777777777777946e-01 3.902152175226585751e+00
9.157971014492752859e-01 3.892821201217572913e+00
9.278260869565216895e-01 3.876841642095945062e+00
9.398550724637680931e-01 3.856765657848444828e+00
9.518840579710144967e-01 3.831130848245673626e+00
9.639130434782609003e-01 3.794296593862693356e+00
9.759420289855071928e-01 3.736089291692182179e+00
9.879710144927535964e-01 3.594623451477084508e+00
1.000000000000000000e+00 2.963859999999999939e+00
