0.000000000000000000e+00 1.278000000000000025e+00
5.000000000000000278e-02 1.050451357000000030e+00
7.222222222222222932e-02 9.656396303333333320e-01
1.000000000000000056e-01 8.596249719999999872e-01
1.444444444444444586e-01 7.173756937777777676e-01
1.750000000000000167e-01 6.324923325000000318e-01
2.166666666666666741e-01 5.278747223333333238e-01
2.500000000000000000e-01 4.528439049999999910e-01
2.888888888888889173e-01 3.794346809999998849e-01
3.250000000000000666e-01 3.188848549999998561e-01
3.611111111111111605e-01 2.645584505555554911e-01
4.000000000000000222e-01 2.129312020000000139e-01
4.333333333333333481e-01 1.758207400000000031e-01
5.055555555555556468e-01 1.062334163333332748e-01
5.777777777777778345e-01 5.319540522222218626e-02
6.500000000000000222e-01 1.107156800000000038e-02
